0.773521 154
0.061988 1
0.955026 1
0.074727 1
0.160145 1
0.102685 1
0.371252 1
0.394353 3
0.176134 1
0.107736 1
0.135199 1
0.074629 1
0.322709 1
0.176359 1
0.056587 1
0.150196 1
0.127418 1
0.105947 1
0.677579 1
0.296763 1
0.272742 1
0.179142 4
0.278077 4
0.162232 1
0.062404 1
0.146900 1
0.532452 1
0.076609 1
0.285730 1
0.102671 1
0.008988 1
0.107589 4
0.454248 4
0.183281 1
0.097731 1
0.104209 4
0.220825 4
0.168273 4
0.186152 1
0.080510 1
0.021247 1
0.070612 1
0.372311 1
0.340006 1
0.073823 1
0.162822 1
0.159160 2
0.312771 27
0.073735 13
0.000075 1
1.630606 1
0.225725 1
0.036228 1
0.458719 1
0.327669 1
0.089497 1
0.084622 1
0.065323 1
0.176348 2
0.277730 12
0.001644 15
0.000005 1
1.662346 1
0.228678 1
0.132997 1
0.413646 3
0.333086 1
0.193371 1
0.082550 1
0.094797 1
0.124651 1
0.492175 1
0.719737 1
0.081636 1
0.093626 1
0.059084 3
1.596817 3
0.165071 3
0.166829 3
0.172224 1
0.410720 1
0.207711 1
0.217504 1
0.119704 2
0.211372 29
0.000794 13
0.000008 1
4.980348 1
0.225303 1
0.029507 1
0.144601 1
0.115045 1
0.140941 1
0.291918 1
0.445149 1
0.128444 2
0.164573 17
0.000454 2
0.000005 13
0.000025 1
2.317663 1
0.278246 1
0.114720 1
0.261902 1
0.219197 1
0.081531 1
0.079364 1
0.272212 1
0.134647 3
0.731267 1
0.306824 1
0.090837 1
0.222372 1
0.122654 2
0.176396 28
0.001175 2
0.000009 17
0.000015 1
3.998614 3
0.662976 1
0.184254 1
0.251702 1
0.212273 3
0.232701 3
0.145959 1
0.097439 1
0.038188 1
0.167344 2
0.278861 31
0.001056 19
0.000009 1
0.693256 3
1.593544 1
0.133215 1
0.254754 1
0.154957 1
0.054992 1
0.386753 1
0.813590 1
0.008729 1
0.072992 1
0.086272 1
0.405745 2
0.879896 15
0.000160 1
1.053808 1
0.210461 1
0.134866 1
0.146580 1
0.565200 2
1.194928 13
0.000086 2
0.000026 1
0.409272 1
0.317452 1
0.543357 3
0.250567 3
0.181587 1
0.065188 2
0.814389 1
0.239668 1
0.122880 1
0.062012 1
0.171520 3
0.308968 3
0.170118 3
0.165893 3
0.158426 1
0.149639 1
0.145336 1
0.078451 1
0.107386 1
0.166776 1
0.110379 1
0.111699 1
0.117953 1
0.596905 1
0.150899 1
0.218554 1
0.110712 1
1.216213 2
0.310750 1
0.523820 1
0.119833 1
0.080555 1
0.229190 1
0.659634 3
0.352796 1
0.117820 1
0.132617 1
0.078621 3
0.342152 3
0.151407 3
0.168968 1
0.023807 1
0.129350 1
0.088542 1
0.189444 1
0.363249 1
0.173220 1
0.053307 1
0.450108 2
0.508041 1
0.726938 1
0.173086 1
0.158350 1
0.785175 3
0.504103 1
1.155358 1
0.886417 1
0.176770 1
0.180167 2
0.317345 22
0.020053 2
0.000008 17
0.000027 1
2.338623 1
0.266909 1
0.076571 1
0.144792 2
0.421031 4
0.000601 2
0.000016 13
0.000008 1
0.374960 1
0.336179 1
0.109830 1
0.460129 1
0.203343 1
0.115658 1
0.028124 1
0.220420 1
0.350241 1
0.158974 1
0.090977 1
0.043356 1
0.229514 2
0.292187 29
0.000425 2
0.000022 18
0.000015 1
1.106407 1
0.253130 1
0.125800 1
0.184192 2
0.294916 100
0.000690 2
0.000019 18
0.000022 1
2.266159 1
0.204541 1
0.108825 1
0.186926 2
0.512228 137
0.001366 1
7.419863 1
0.186193 1
0.087750 1
0.122703 2
0.322154 4
0.000428 2
0.000020 13
0.000039 1
0.338971 1
0.267882 1
0.104262 1
0.316353 1
0.221615 1
0.065350 1
0.098665 1
0.314098 1
0.655481 1
0.056282 1
0.092651 1
0.078547 1
0.166699 2
0.293312 29
0.000489 2
0.000020 18
0.000015 1
0.846224 1
0.185285 1
0.303755 1
0.136137 1
0.111865 1
0.126821 2
0.273786 22
0.002764 18
0.000020 1
0.552721 1
0.197490 1
0.111885 1
0.254453 2
0.239566 117
0.000745 2
0.000008 18
0.000016 1
10.967684 1
1.422085 3
1.339599 3
0.185053 1
1.460731 1
0.200600 1
0.107438 1
0.358876 3
0.312053 3
0.172071 3
0.193034 3
0.167473 1
0.196924 1
0.177171 1
0.130866 1
0.150987 2
0.241150 31
0.000309 2
0.000008 18
0.000009 1
0.419412 1
0.210998 1
0.101077 1
0.146139 2
0.302814 4
0.000410 2
0.000049 13
0.000006 1
4.181211 1
0.302016 1
0.208332 1
0.649021 1
0.285337 1
0.100231 1
0.110170 1
0.316161 1
1.073517 1
0.040147 1
0.097311 1
0.145455 1
0.253449 2
0.351561 29
0.000676 2
0.000007 18
0.000025 1
0.749647 3
0.407653 1
0.124804 1
0.377495 3
0.310318 1
0.061346 1
0.069532 1
0.209417 2
0.429182 51
0.000186 1
2.283252 1
0.173810 1
0.074679 1
0.121710 2
0.249857 4
0.000502 2
0.000005 13
0.000027 1
1.740728 1
0.280624 3
0.934841 3
0.199596 1
3.272125 1
0.277039 1
0.076647 1
0.232648 2
2.047601 154
0.003764 1
1.366109 1
0.215398 1
0.129771 1
0.233542 2
0.239435 6
