10000000000000000000000001
10000000000000000000000000
11111111111111111111111111
00000100000000000000010000
11111011111111111011111111
00000100000100001000010000
11111011111011110011111111
00000100001110001000010000
01111011111011110011101111
00000110001110011000010000
01111011111011110111001111
00000100001111011000010000
01111011101011111111001111
00000101001011011000010000
01111011001011011111001111
00000101001011011000010110
01110011001011011111001011
00000100001001011000010110
01000011001011011111001011
00000000001001011000110110
01000011101011111111001011
00010000001001011000100110
01000011100011111011001011
00010100001001010000100110
01000010100011101011001011
00010100101001010000100111
01000010100001001011001011
00010100111001010001100111
11000010000001001011001011
00110100111001110001100111
11000011000001001011001001
00110101111001110001100011
11000011010001001011000001
10110001111001110001100011
11000011110001000011000001
10110000111011110001100011
11000011110000000010000001
10110000111011110001101111
10000011110000000010100001
11110000111010110001101111
10000010111000000010100001
11110001111010110001101101
10100110111000000010100001
11010001111010110001101111
10100110101000000110100001
10011001111010110001101111
00100110101010000110100001
10011001111011100001101111
10100110100010000110100001
10011001111001100000101111
10100110100010010110100011